['/home/martin/Documents/PhD/www/Scannomatic/data/Calbration_Curve/Cal_curv_replicate_12_time_1.tiff', 'A3_1 OD', 420000.0, [[0.35292356067999986, 1.3529235606799999, 2.3529235606799999, 3.3529235606799999, 4.3529235606799999, 5.3529235606799999], [11194, 11893, 112, 10, 1, 2]]]
['/home/martin/Documents/PhD/www/Scannomatic/data/Calbration_Curve/Cal_curv_replicate_12_time_1.tiff', 'A5_1 OD', 210000.0, [[0.21744831955999988, 1.2174483195599999, 2.2174483195599999, 3.2174483195599999, 4.2174483195599999, 5.2174483195599999, 7.2174483195599999, 9.217448319559999, 13.217448319559999], [11620, 10491, 10, 4, 1, 1, 1, 1, 2]]]
['/home/martin/Documents/PhD/www/Scannomatic/data/Calbration_Curve/Cal_curv_replicate_12_time_1.tiff', 'A7_1 OD', 90000.0, [[0.9033874081000004, 1.9033874081000004, 2.9033874081000004, 3.9033874081000004], [7795, 11, 3, 1]]]
['/home/martin/Documents/PhD/www/Scannomatic/data/Calbration_Curve/Cal_curv_replicate_12_time_1.tiff', 'A9_1 OD', 60000.0, [[0.79925410930999963, 1.7992541093099996, 2.7992541093099996, 3.7992541093099996, 4.7992541093099996], [5491, 134, 28, 10, 2]]]
['/home/martin/Documents/PhD/www/Scannomatic/data/Calbration_Curve/Cal_curv_replicate_12_time_1.tiff', 'A11_1 OD', 120000.0, [[0.91545455953999966, 1.9154545595399997, 2.9154545595399997, 3.9154545595399997], [498, 14, 5, 3]]]
['/home/martin/Documents/PhD/www/Scannomatic/data/Calbration_Curve/Cal_curv_replicate_12_time_1.tiff', 'A1_2 OD', 720000.0, [[0.97523395971999971, 1.9752339597199997, 2.9752339597199997, 3.9752339597199997, 4.9752339597199997, 5.9752339597199997], [21285, 1429, 34, 18, 6, 3]]]
['/home/martin/Documents/PhD/www/Scannomatic/data/Calbration_Curve/Cal_curv_replicate_12_time_1.tiff', 'A3_2 OD', 360000.0, [[0.63560679793000041, 1.6356067979300004, 2.6356067979300004, 3.6356067979300004, 4.6356067979300004, 5.6356067979300004, 6.6356067979300004, 7.6356067979300004, 8.6356067979300004, 9.6356067979300004], [20978, 1573, 13, 1, 4, 1, 1, 1, 2, 1]]]
['/home/martin/Documents/PhD/www/Scannomatic/data/Calbration_Curve/Cal_curv_replicate_12_time_1.tiff', 'A5_2 OD', 210000.0, [[0.31896486646, 1.31896486646, 2.31896486646, 3.31896486646], [18426, 5222, 29, 2]]]
['/home/martin/Documents/PhD/www/Scannomatic/data/Calbration_Curve/Cal_curv_replicate_12_time_1.tiff', 'A7_2 OD', 90000.0, [[0.87569064910000005, 1.8756906491000001, 2.8756906491000001], [5924, 4, 6]]]
['/home/martin/Documents/PhD/www/Scannomatic/data/Calbration_Curve/Cal_curv_replicate_12_time_1.tiff', 'A9_2 OD', 60000.0, [[0.86277759872000015, 1.8627775987200001, 2.8627775987200001, 3.8627775987200001, 4.8627775987200001], [1821, 108, 39, 2, 1]]]
['/home/martin/Documents/PhD/www/Scannomatic/data/Calbration_Curve/Cal_curv_replicate_12_time_1.tiff', 'A11_2 OD', 30000.0, [[0.81365784427999976, 1.8136578442799998, 2.8136578442799998, 3.8136578442799998, 4.8136578442799998, 7.8136578442799998, 10.81365784428, 11.81365784428, 12.81365784428, 16.813657844280002, 19.813657844280002], [681, 25, 4, 1, 1, 1, 1, 1, 1, 1, 1]]]
['/home/martin/Documents/PhD/www/Scannomatic/data/Calbration_Curve/Cal_curv_replicate_12_time_2.tiff', 'C1_1 OD', 3720000.0, [[0.24499583931999958, 1.2449958393199996, 2.2449958393199996, 3.2449958393199996, 4.2449958393199996, 5.2449958393199996, 6.2449958393199996, 7.2449958393199996, 8.2449958393199996], [389, 2980, 12340, 5348, 807, 793, 1137, 110, 1]]]
['/home/martin/Documents/PhD/www/Scannomatic/data/Calbration_Curve/Cal_curv_replicate_12_time_2.tiff', 'C3_1 OD', 1500000.0, [[0.99904881252999989, 1.9990488125299999, 2.9990488125299999, 3.9990488125299999, 4.9990488125299999, 5.9990488125299999], [18870, 2211, 1083, 348, 2, 2]]]
['/home/martin/Documents/PhD/www/Scannomatic/data/Calbration_Curve/Cal_curv_replicate_12_time_2.tiff', 'C5_1 OD', 780000.0, [[0.9587794517699999, 1.9587794517699999, 2.9587794517699999, 3.9587794517699999, 4.9587794517699999, 5.9587794517699999, 6.9587794517699999], [21562, 1143, 42, 6, 3, 2, 1]]]
['/home/martin/Documents/PhD/www/Scannomatic/data/Calbration_Curve/Cal_curv_replicate_12_time_2.tiff', 'C7_1 OD', 390000.0, [[0.6186728371600001, 1.6186728371600001, 2.6186728371600001, 3.6186728371600001], [21455, 141, 4, 1]]]
['/home/martin/Documents/PhD/www/Scannomatic/data/Calbration_Curve/Cal_curv_replicate_12_time_2.tiff', 'C9_1 OD', 150000.0, [[0.52773517975999962, 1.5277351797599996, 2.5277351797599996, 3.5277351797599996, 4.5277351797599996, 5.5277351797599996, 6.5277351797599996, 7.5277351797599996, 9.5277351797600005, 11.527735179760001, 12.527735179760001, 13.527735179760001, 14.527735179760001], [21388, 132, 35, 5, 4, 6, 1, 3, 2, 1, 1, 1, 1]]]
['/home/martin/Documents/PhD/www/Scannomatic/data/Calbration_Curve/Cal_curv_replicate_12_time_2.tiff', 'C3_2 OD', 1500000.0, [[0.51185597863999988, 1.5118559786399999, 2.5118559786399999, 3.5118559786399999, 4.5118559786399999, 5.5118559786399999, 6.5118559786399999, 7.5118559786399999], [15529, 7472, 1253, 418, 7, 6, 2, 2]]]
['/home/martin/Documents/PhD/www/Scannomatic/data/Calbration_Curve/Cal_curv_replicate_12_time_2.tiff', 'C5_2 OD', 780000.0, [[0.36706507304000002, 1.36706507304, 2.36706507304, 3.36706507304], [23890, 1952, 137, 3]]]
['/home/martin/Documents/PhD/www/Scannomatic/data/Calbration_Curve/Cal_curv_replicate_12_time_2.tiff', 'C7_2 OD', 360000.0, [[0.078543360330000311, 1.0785433603300003, 2.0785433603300003, 3.0785433603300003], [26515, 625, 1, 2]]]
['/home/martin/Documents/PhD/www/Scannomatic/data/Calbration_Curve/Cal_curv_replicate_12_time_2.tiff', 'C9_2 OD', 150000.0, [[0.99841678210999962, 1.9984167821099996], [499, 13]]]
['/home/martin/Documents/PhD/www/Scannomatic/data/Calbration_Curve/Cal_curv_replicate_12_time_3.tiff', 'E3_1 OD', 30000000.0, [[2.6205511701999997, 3.6205511701999997, 4.6205511701999997, 5.6205511701999997, 6.6205511701999997, 7.6205511701999997, 8.6205511701999988, 9.6205511701999988, 10.620551170199999, 11.620551170199999, 12.620551170199999, 13.620551170199999, 14.620551170199999, 15.620551170199999, 16.620551170199999, 17.620551170199999, 18.620551170199999, 19.620551170199999, 20.620551170199999, 21.620551170199999, 22.620551170199999, 23.620551170199999, 24.620551170199999, 25.620551170199999, 26.620551170199999], [7, 28, 96, 98, 113, 80, 86, 106, 86, 68, 90, 75, 100, 164, 639, 1838, 4165, 6755, 5276, 1520, 982, 1017, 1364, 257, 1]]]
['/home/martin/Documents/PhD/www/Scannomatic/data/Calbration_Curve/Cal_curv_replicate_12_time_3.tiff', 'E5_1 OD', 22500000.0, [[1.7866195428799996, 2.7866195428799996, 3.7866195428799996, 4.7866195428799996, 5.7866195428799996, 6.7866195428799996, 7.7866195428799996, 8.7866195428800005, 9.7866195428800005, 10.78661954288, 11.78661954288, 12.78661954288, 13.78661954288, 14.78661954288, 15.78661954288, 16.78661954288, 17.78661954288, 18.78661954288, 19.78661954288, 20.78661954288, 21.78661954288, 22.78661954288], [102, 139, 165, 122, 138, 94, 78, 119, 311, 798, 1347, 3638, 4314, 5729, 3077, 1618, 842, 665, 765, 1174, 501, 36]]]
['/home/martin/Documents/PhD/www/Scannomatic/data/Calbration_Curve/Cal_curv_replicate_12_time_3.tiff', 'E7_1 OD', 14400000.0, [[0.56644818976, 1.56644818976, 2.56644818976, 3.56644818976, 4.56644818976, 5.56644818976, 6.56644818976, 7.56644818976, 8.5664481897599991, 9.5664481897599991, 10.566448189759999, 11.566448189759999, 12.566448189759999, 13.566448189759999, 14.566448189759999, 15.566448189759999, 16.566448189759999, 17.566448189759999, 18.566448189759999, 19.566448189759999], [10, 133, 196, 182, 150, 204, 742, 1223, 3478, 6351, 5173, 2849, 1750, 494, 612, 463, 595, 732, 562, 21]]]
['/home/martin/Documents/PhD/www/Scannomatic/data/Calbration_Curve/Cal_curv_replicate_12_time_3.tiff', 'E9_1 OD', 7500000.0, [[0.15976950464999984, 1.1597695046499998, 2.1597695046499998, 3.1597695046499998, 4.1597695046499998, 5.1597695046499998, 6.1597695046499998, 7.1597695046499998, 8.1597695046500007, 9.1597695046500007, 10.159769504650001, 11.159769504650001, 12.159769504650001, 13.159769504650001, 14.159769504650001, 15.159769504650001, 16.159769504650001], [106, 430, 364, 894, 2226, 4532, 6459, 3696, 3064, 1358, 581, 360, 578, 536, 616, 155, 9]]]
['/home/martin/Documents/PhD/www/Scannomatic/data/Calbration_Curve/Cal_curv_replicate_12_time_3.tiff', 'E11_1 OD', 7800000.0, [[0.59722775310000031, 1.5972277531000003, 2.5972277531000003, 3.5972277531000003, 4.5972277531000003, 5.5972277531000003, 6.5972277531000003, 7.5972277531000003, 8.5972277531000003, 9.5972277531000003, 10.5972277531, 11.5972277531, 12.5972277531, 13.5972277531], [325, 508, 1440, 3578, 6731, 6149, 2104, 1394, 832, 632, 460, 394, 138, 25]]]
['/home/martin/Documents/PhD/www/Scannomatic/data/Calbration_Curve/Cal_curv_replicate_12_time_3.tiff', 'E1_2 OD', 36000000.0, [[4.5464125972699998, 5.5464125972699998, 6.5464125972699998, 7.5464125972699998, 8.5464125972699989, 9.5464125972699989, 10.546412597269999, 11.546412597269999, 12.546412597269999, 13.546412597269999, 14.546412597269999, 15.546412597269999, 16.546412597269999, 17.546412597269999, 18.546412597269999, 19.546412597269999, 20.546412597269999, 21.546412597269999, 22.546412597269999, 23.546412597269999, 24.546412597269999, 25.546412597269999, 26.546412597269999, 27.546412597269999, 28.546412597269999, 29.546412597269999, 30.546412597269999, 31.546412597269999], [2, 20, 85, 75, 101, 89, 96, 58, 96, 73, 87, 87, 106, 215, 525, 751, 1741, 2356, 3212, 5562, 4853, 1906, 1356, 1215, 38, 9, 1, 1]]]
['/home/martin/Documents/PhD/www/Scannomatic/data/Calbration_Curve/Cal_curv_replicate_12_time_3.tiff', 'E3_2 OD', 30000000.0, [[2.0916275430400004, 3.0916275430400004, 4.0916275430400004, 5.0916275430400004, 6.0916275430400004, 7.0916275430400004, 8.0916275430400013, 9.0916275430400013, 10.091627543040001, 11.091627543040001, 12.091627543040001, 13.091627543040001, 14.091627543040001, 15.091627543040001, 16.091627543040001, 17.091627543040001, 18.091627543040001, 19.091627543040001, 20.091627543040001, 21.091627543040001, 22.091627543040001, 23.091627543040001, 24.091627543040001, 25.091627543040001, 26.091627543040001], [1, 26, 98, 133, 112, 78, 104, 113, 104, 72, 83, 86, 215, 374, 1122, 2169, 3964, 6244, 5882, 1491, 969, 1047, 1137, 475, 1]]]
['/home/martin/Documents/PhD/www/Scannomatic/data/Calbration_Curve/Cal_curv_replicate_12_time_3.tiff', 'E5_2 OD', 21300000.0, [[0.98104197277999994, 1.9810419727799999, 2.9810419727799999, 3.9810419727799999, 4.9810419727799999, 5.9810419727799999, 6.9810419727799999, 7.9810419727799999, 8.9810419727799999, 9.9810419727799999, 10.98104197278, 11.98104197278, 12.98104197278, 13.98104197278, 14.98104197278, 15.98104197278, 16.981041972779998, 17.981041972779998, 18.981041972779998, 19.981041972779998, 20.981041972779998, 21.981041972779998], [3, 65, 155, 163, 121, 133, 80, 117, 174, 478, 806, 2678, 3978, 7102, 4786, 2330, 921, 543, 645, 1074, 700, 336]]]
['/home/martin/Documents/PhD/www/Scannomatic/data/Calbration_Curve/Cal_curv_replicate_12_time_3.tiff', 'E7_2 OD', 14700000.0, [[0.8567293777099998, 1.8567293777099998, 2.8567293777099998, 3.8567293777099998, 4.8567293777099998, 5.8567293777099998, 6.8567293777099998, 7.8567293777099998, 8.8567293777099998, 9.8567293777099998, 10.85672937771, 11.85672937771, 12.85672937771, 13.85672937771, 14.85672937771, 15.85672937771, 16.85672937771, 17.85672937771, 18.85672937771], [118, 229, 191, 187, 227, 696, 1065, 2869, 6246, 6207, 3483, 2128, 662, 495, 411, 632, 793, 439, 41]]]
['/home/martin/Documents/PhD/www/Scannomatic/data/Calbration_Curve/Cal_curv_replicate_12_time_3.tiff', 'E9_2 OD', 9000000.0, [[0.72503798481000015, 1.7250379848100001, 2.7250379848100001, 3.7250379848100001, 4.7250379848100001, 5.7250379848100001, 6.7250379848100001, 7.7250379848100001, 8.725037984810001, 9.725037984810001, 10.725037984810001, 11.725037984810001, 12.725037984810001, 13.725037984810001, 14.725037984810001, 15.725037984810001], [558, 331, 723, 1845, 4770, 7315, 4351, 3545, 1479, 425, 353, 558, 540, 536, 138, 4]]]
['/home/martin/Documents/PhD/www/Scannomatic/data/Calbration_Curve/Cal_curv_replicate_12_time_3.tiff', 'E11_2 OD', 7800000.0, [[0.50199580648000008, 1.5019958064800001, 2.5019958064800001, 3.5019958064800001, 4.5019958064800001, 5.5019958064800001, 6.5019958064800001, 7.5019958064800001, 8.5019958064800001, 9.5019958064800001, 10.50199580648, 11.50199580648, 12.50199580648, 13.50199580648, 14.50199580648, 19.50199580648, 20.50199580648, 26.50199580648], [408, 446, 1275, 3474, 6383, 6035, 2902, 1989, 915, 593, 470, 529, 164, 27, 1, 1, 2, 1]]]
['/home/martin/Documents/PhD/www/Scannomatic/data/Calbration_Curve/Cal_curv_replicate_12_time_4.tiff', 'G1_1 OD', 45000000.0, [[7.2702614861899999, 8.2702614861899999, 9.2702614861899999, 10.27026148619, 11.27026148619, 12.27026148619, 13.27026148619, 14.27026148619, 15.27026148619, 16.270261486190002, 17.270261486190002, 18.270261486190002, 19.270261486190002, 20.270261486190002, 21.270261486190002, 22.270261486190002, 23.270261486190002, 24.270261486190002, 25.270261486190002, 26.270261486190002, 27.270261486190002, 28.270261486190002, 29.270261486190002, 30.270261486190002, 31.270261486190002, 32.270261486190002], [6, 21, 56, 40, 75, 62, 60, 65, 62, 69, 80, 69, 55, 80, 106, 114, 193, 419, 926, 1934, 3656, 2630, 8277, 2849, 401, 5]]]
['/home/martin/Documents/PhD/www/Scannomatic/data/Calbration_Curve/Cal_curv_replicate_12_time_4.tiff', 'G3_1 OD', 42000000.0, [[4.6858251709500003, 5.6858251709500003, 6.6858251709500003, 7.6858251709500003, 8.6858251709500003, 9.6858251709500003, 10.68582517095, 11.68582517095, 12.68582517095, 13.68582517095, 14.68582517095, 15.68582517095, 16.68582517095, 17.68582517095, 18.68582517095, 19.68582517095, 20.68582517095, 21.68582517095, 22.68582517095, 23.68582517095, 24.68582517095, 25.68582517095, 26.68582517095, 27.68582517095, 28.68582517095, 29.68582517095, 30.68582517095], [1, 7, 50, 96, 81, 54, 74, 78, 56, 67, 82, 70, 94, 61, 82, 95, 94, 116, 348, 1265, 2900, 4655, 9718, 1982, 2171, 770, 1]]]
['/home/martin/Documents/PhD/www/Scannomatic/data/Calbration_Curve/Cal_curv_replicate_12_time_4.tiff', 'G5_1 OD', 33000000.0, [[4.5368523621700003, 5.5368523621700003, 6.5368523621700003, 7.5368523621700003, 8.5368523621700003, 9.5368523621700003, 10.53685236217, 11.53685236217, 12.53685236217, 13.53685236217, 14.53685236217, 15.53685236217, 16.536852362170002, 17.536852362170002, 18.536852362170002, 19.536852362170002, 20.536852362170002, 21.536852362170002, 22.536852362170002, 23.536852362170002, 24.536852362170002, 25.536852362170002, 26.536852362170002, 27.536852362170002, 28.536852362170002], [11, 47, 89, 94, 91, 55, 66, 77, 73, 101, 72, 76, 214, 274, 314, 410, 571, 1106, 3358, 5272, 6739, 2368, 2192, 604, 45]]]
['/home/martin/Documents/PhD/www/Scannomatic/data/Calbration_Curve/Cal_curv_replicate_12_time_4.tiff', 'G7_1 OD', 24000000.0, [[2.2076402485099997, 3.2076402485099997, 4.2076402485099997, 5.2076402485099997, 6.2076402485099997, 7.2076402485099997, 8.2076402485099997, 9.2076402485099997, 10.20764024851, 11.20764024851, 12.20764024851, 13.20764024851, 14.20764024851, 15.20764024851, 16.20764024851, 17.20764024851, 18.20764024851, 19.20764024851, 20.20764024851, 21.20764024851, 22.20764024851, 23.20764024851, 24.20764024851, 25.20764024851, 26.20764024851], [16, 60, 105, 84, 117, 75, 92, 82, 96, 88, 111, 235, 300, 666, 2010, 3430, 4373, 5590, 3240, 1051, 774, 816, 1435, 284, 3]]]
['/home/martin/Documents/PhD/www/Scannomatic/data/Calbration_Curve/Cal_curv_replicate_12_time_4.tiff', 'G9_1 OD', 18000000.0, [[0.93496085320999978, 1.9349608532099998, 2.9349608532099998, 3.9349608532099998, 4.9349608532099998, 5.9349608532099998, 6.9349608532099998, 7.9349608532099998, 8.9349608532100007, 9.9349608532100007, 10.934960853210001, 11.934960853210001, 12.934960853210001, 13.934960853210001, 14.934960853210001, 15.934960853210001, 16.934960853210001, 17.934960853210001, 18.934960853210001, 19.934960853210001, 20.934960853210001, 21.934960853210001, 22.934960853210001], [8, 145, 150, 141, 76, 114, 118, 199, 299, 764, 1682, 2346, 4369, 3734, 3704, 3081, 934, 413, 554, 762, 945, 565, 13]]]
['/home/martin/Documents/PhD/www/Scannomatic/data/Calbration_Curve/Cal_curv_replicate_12_time_4.tiff', 'G11_1 OD', 15000000.0, [[0.68855620169999998, 1.6885562017, 2.6885562017, 3.6885562017, 4.6885562017, 5.6885562017, 6.6885562017, 7.6885562017, 8.6885562016999991, 9.6885562016999991, 10.688556201699999, 11.688556201699999, 12.688556201699999, 13.688556201699999, 14.688556201699999, 15.688556201699999, 16.688556201699999, 17.688556201699999, 18.688556201699999, 19.688556201699999, 20.688556201699999], [19, 171, 192, 139, 108, 170, 269, 700, 1180, 2462, 3860, 3161, 4252, 2243, 1569, 1059, 702, 685, 772, 388, 38]]]
['/home/martin/Documents/PhD/www/Scannomatic/data/Calbration_Curve/Cal_curv_replicate_12_time_4.tiff', 'G3_2 OD', 39000000.0, [[5.9940015975599996, 6.9940015975599996, 7.9940015975599996, 8.9940015975600005, 9.9940015975600005, 10.994001597560001, 11.994001597560001, 12.994001597560001, 13.994001597560001, 14.994001597560001, 15.994001597560001, 16.994001597560001, 17.994001597560001, 18.994001597560001, 19.994001597560001, 20.994001597560001, 21.994001597560001, 22.994001597560001, 23.994001597560001, 24.994001597560001, 25.994001597560001, 26.994001597560001, 27.994001597560001, 28.994001597560001, 29.994001597560001], [3, 34, 54, 82, 63, 72, 82, 65, 87, 66, 79, 96, 88, 82, 131, 193, 338, 869, 1704, 4112, 4191, 7521, 2403, 1215, 19]]]
['/home/martin/Documents/PhD/www/Scannomatic/data/Calbration_Curve/Cal_curv_replicate_12_time_4.tiff', 'G5_2 OD', 33000000.0, [[4.0072211155400002, 5.0072211155400002, 6.0072211155400002, 7.0072211155400002, 8.0072211155400002, 9.0072211155400002, 10.00722111554, 11.00722111554, 12.00722111554, 13.00722111554, 14.00722111554, 15.00722111554, 16.007221115539998, 17.007221115539998, 18.007221115539998, 19.007221115539998, 20.007221115539998, 21.007221115539998, 22.007221115539998, 23.007221115539998, 24.007221115539998, 25.007221115539998, 26.007221115539998, 27.007221115539998, 28.007221115539998, 29.007221115539998], [8, 42, 73, 88, 85, 113, 69, 78, 76, 68, 99, 100, 141, 341, 573, 916, 2274, 3836, 4263, 4918, 2125, 2063, 1627, 1325, 389, 54]]]
['/home/martin/Documents/PhD/www/Scannomatic/data/Calbration_Curve/Cal_curv_replicate_12_time_4.tiff', 'G7_2 OD', 15000000.0, [[1.8210356392799998, 2.8210356392799998, 3.8210356392799998, 4.8210356392799998, 5.8210356392799998, 6.8210356392799998, 7.8210356392799998, 8.8210356392799998, 9.8210356392799998, 10.82103563928, 11.82103563928, 12.82103563928, 13.82103563928, 14.82103563928, 15.82103563928, 16.821035639279998, 17.821035639279998, 18.821035639279998, 19.821035639279998, 20.821035639279998, 21.821035639279998, 22.821035639279998, 23.821035639279998, 24.821035639279998, 25.821035639279998, 26.821035639279998, 27.821035639279998, 29.821035639279998, 31.821035639279998, 32.821035639279998, 33.821035639279998], [9, 47, 127, 115, 85, 145, 133, 132, 150, 264, 546, 885, 1627, 1804, 2293, 3753, 3093, 2359, 2458, 1943, 1162, 1404, 882, 506, 203, 64, 1, 1, 1, 1, 1]]]
['/home/martin/Documents/PhD/www/Scannomatic/data/Calbration_Curve/Cal_curv_replicate_12_time_4.tiff', 'G9_2 OD', 18000000.0, [[0.88738228586000023, 1.8873822858600002, 2.8873822858600002, 3.8873822858600002, 4.8873822858600002, 5.8873822858600002, 6.8873822858600002, 7.8873822858600002, 8.8873822858599993, 9.8873822858599993, 10.887382285859999, 11.887382285859999, 12.887382285859999, 13.887382285859999, 14.887382285859999, 15.887382285859999, 16.887382285859999, 17.887382285859999, 18.887382285859999, 19.887382285859999, 20.887382285859999, 21.887382285859999, 22.887382285859999, 23.887382285859999, 24.887382285859999, 25.887382285859999], [1, 90, 196, 151, 139, 103, 202, 335, 697, 1069, 2083, 3382, 3220, 4460, 2518, 1729, 1165, 638, 649, 964, 790, 385, 330, 205, 40, 2]]]
['/home/martin/Documents/PhD/www/Scannomatic/data/Calbration_Curve/Cal_curv_replicate_12_time_4.tiff', 'G11_2 OD', 15000000.0, [[0.53813896540999995, 1.5381389654099999, 2.5381389654099999, 3.5381389654099999, 4.5381389654099999, 5.5381389654099999, 6.5381389654099999, 7.5381389654099999, 8.5381389654099991, 9.5381389654099991, 10.538138965409999, 11.538138965409999, 12.538138965409999, 13.538138965409999, 14.538138965409999, 15.538138965409999, 16.538138965409999, 17.538138965409999, 18.538138965409999, 19.538138965409999, 20.538138965409999, 21.538138965409999, 22.538138965409999, 23.538138965409999], [23, 176, 239, 172, 178, 211, 496, 840, 1451, 1963, 2996, 3725, 2826, 3055, 1545, 1011, 1098, 799, 609, 556, 337, 202, 150, 2]]]
